F = [0.0,0.13207566613853317,0.25164760604143044,0.3597702876192873,0.4576421220098047,0.5461557031548809,0.6262683295824434,0.6987280319527859,0.7643050856426044,0.8236219893166631,0.8773014121840079];