FQhalf = [20.97928125438871,8.698438596722816,4.6723586636441565,3.165969671317274,2.49168985481316,2.133514571326634,1.9160382957455004,1.7708057285079368,1.6671070256822034,1.5893999053727104,1.5290244683356742,1.4807815233540742,1.441362194559394,1.4085606315539136,1.380849799180915,1.357139035845795,1.336628586004154,1.3187186843480059,1.3029507293627054,1.2889680668095491,1.2764891582033757,1.2652887993717639,1.255184705614564,1.246027755820444,1.2376947818791006,1.2300831609620404,1.2231067058316032,1.2166925036808167,1.2107784575670089,1.2053113547740106,1.2002453349002844,1.195540664393458,1.1911627483257239,1.1870813275073995,1.183269821619553,1.1797047882990381,1.1763654749823715,1.1732334454695703,1.1702922670698401,1.1675272471677984,1.164925210338739,1.1624743089159817,1.1601638612983378,1.1579842133738925,1.1559266192966833,1.1539831385372643,1.1521465466756053,1.1504102578451696,1.1487682570930209,1.1472150412100917,1.1457455668218741,1.144355204723407,1.143039699601903,1.1417951344221966,1.140617898859664,1.1395046612564732,1.1384523436533298,1.1374580995128913,1.1365192938049589,1.135633485169111,1.134798409909035,1.1340119676056506,1.133272208164081,1.1325773201334526,1.1319256201590158,1.1313155434436863,1.1307456351113132,1.130214542377083,1.1297210074418422,1.1292638610369727,1.1288420165550452,1.1284544647089412,1.1281002686686883,1.1277785596309713,1.1274885327813038,1.127229443613277,1.127000604573191,1.1268013820018137,1.1266311933480755,1.1264895046321886,1.1263758281381122,1.1262897203174005,1.12623077988841,1.1261986461165454,1.1261929972627631,1.1262135491889538,1.1262600541100631,1.1263322994839642,1.1264301070311176,1.126553331877009,1.1267018618112243,1.1268756166578193,1.1270745477523825,1.127298637521894,1.1275478991641188,1.1278223764239008,1.1281221434643027,1.1284473048311,1.1287979955096858,1.1291743810739698,1.1295766579273774,1.1300050536365849,1.1304598273591344,1.130941270366616,1.131449706665631,1.1319854937193183,1.1325490232727924,1.1331407222864556,1.1337610539817762,1.1344105190048006,1.1350896567133901,1.135799046594939,1.1365393098221679,1.1373111109554788,1.1381151598013448,1.1389522134372612,1.1398230784149648,1.1407286131548982,1.1416697305463053,1.1426474007689065,1.1436626543538095,1.1447165855032242,1.145810355690665,1.1469451975656786,1.148122419189758,1.1493434086330494,1.1506096389647256,1.1519226736736061,1.153284172559721,1.1546958981421875,1.1561597226340161,1.1576776355403908,1.1592517519436871,1.1608843215461002,1.1625777385493925,1.1643345524611182,1.166157479927894,1.1680494177090968,1.1700134569190528,1.1720528986826129,1.1741712713683647,1.1763723495860496,1.1786601751605104,1.1810390803243387,1.183513713406017,1.186089067330636,1.1887705112972788,1.1915638260521495,1.194475243241018,1.197511489400437,1.2006798352367278,1.2039881509477022,1.2074449684679576,1.2110595516685152,1.2148419757208633,1.2188032170506173,1.2229552555651473,1.2273111911529093,1.2318853768327693,1.2366935713956657,1.2417531149494534,1.247083131477446,1.2527047633865578,1.2586414440968408,1.2649192160690577,1.271567103357621,1.2786175499144306,1.2861069375904919,1.2940762012689464,1.3025715630621437,1.3116454133541104,1.3213573741335993,1.3317755901901143,1.3429783072482453,1.3550558142926965,1.368112852057142,1.3822716236411365,1.3976755905111835,1.4144943037806936,1.4329296158615443,1.4532237556170657,1.4756699535693616,1.5006266088485198,1.528536456247765,1.5599529209306606,1.595577015027708,1.636310047066798,1.6833306588400665,1.7382103807114517,1.8030922170996446,1.880976383258899,1.9761965332557032,2.0952531589373398,2.248361330883825,2.4525461803233912,2.7384529593600027,3.1673721915583193,3.8823151237194033,5.312315533013679,9.602542376969678];