FQone = [21.093053654420743,8.749453911340922,4.6829118990354415,3.16674461572429,2.491419662150027,2.133767126869641,1.9168977823170712,1.7721714160580202,1.6689015971733245,1.5915792716618091,1.5315656384879617,1.483673760398857,1.4446020519092706,1.412149239415413,1.38479133893347,1.3614398488962627,1.3412966349832642,1.3237632186631991,1.3083820742583114,1.2947974899479826,1.2827287866465324,1.2719515704569098,1.2622843414065936,1.253578754545503,1.2457124220503344,1.238583515374777,1.2321066635618687,1.226209798860737,1.2208317041493306,1.215920086807093,1.2114300520594687,1.2073228826835551,1.203565056001545,1.2001274463675065,1.1969846739215249,1.1941145696287978,1.1914977334900612,1.1891171679636432,1.186957972542282,1.1850070884092119,1.1832530843946347,1.1816859772372557,1.1802970805518407,1.179078878005646,1.1780249170834005,1.1771297205244238,1.176388713085994,1.1757981617546767,1.1753551279154102,1.1750574303153474,1.1749036179403785,1.1748929521690687,1.1750253977913734,1.1753016226867075,1.1757230061555481,1.1762916560981913,1.1770104354409403,1.1778829984317432,1.1789138376727268,1.1801083430362072,1.1814728739354883,1.1830148468068042,1.1847428401223146,1.1866667198196055,1.1887977887306354,1.1911489644617752,1.1937349912681894,1.1965726928488651,1.1996812747552383,1.2030826873810996,1.2068020634543748,1.2108682478169832,1.2153144423837368,1.2201789959746137,1.2255063778704722,1.2313483863916235,1.2377656609144168,1.244829589552185,1.2526247382772702,1.261251975188301,1.2708325331202202,1.2815133562043868,1.2934742295995263,1.3069374265513765,1.3221809740268915,1.339557225508686,1.3595193944498203,1.38266033482018,1.409770712804344,1.4419289093983512,1.4806448654582876,1.5280998243637214,1.5875658826296926,1.6641851563330923,1.7665281150486798,1.9100219177113773,2.125521253664988,2.485020867530188,3.2045056610727203,5.363901410730924];