FQTF = [21.036098206116147,8.72393283946942,4.677675522622816,3.1663798577409206,2.4915570949905703,2.133632817087872,1.9164543990313685,1.77147019918327,1.6679806556916155,1.590459700471406,1.5302578709469932,1.4821820469393305,1.4429269430358256,1.4102889340959286,1.382742438652746,1.3591977952308323,1.3388559714911767,1.3211177507375413,1.3055249671223792,1.2917213276161736,1.2794256052884958,1.2684128743202747,1.2585011063728773,1.2495414225378971,1.2414108883602792,1.2340071102389616,1.2272441288388,1.2210492603301926,1.2153606397311378,1.210125290832127,1.205297595603007,1.2008380698747094,1.196712376142705,1.1928905216280863,1.1893462023061316,1.186056262857898,1.18300024936866,1.1801600367482974,1.1775195167470658,1.175064335415297,1.1727816711441972,1.1706600461986576,1.168689166037503,1.1668597818045008,1.1651635722337785,1.1635930418977674,1.1621414332735063,1.1608026505438334,1.159571193406479,1.1584420994538918,1.1574108939234227,1.15647354581189,1.1556264295088738,1.1548662912359635,1.154190219689766,1.153595620379003,1.1530801932237464,1.1526419130505212,1.152279012672739,1.1519899682935644,1.1517734870092273,1.1516284962262386,1.1515541348369018,1.1515497460247506,1.1516148715958336,1.1517492477536475,1.1519528022555676,1.1522256529072272,1.152568107368944,1.152980664265283,1.1534640156055946,1.1540190505401908,1.1546468604940678,1.1553487457381473,1.1561262234772043,1.1569810375544665,1.1579151698957195,1.1589308538411867,1.1600305895420708,1.1612171616311593,1.1624936594141437,1.1638634998713004,1.1653304538090883,1.1668986755595523,1.1685727366938898,1.1703576642973228,1.1722589844481988,1.174282771658238,1.1764357051672032,1.1787251331489579,1.1811591460833668,1.1837466607876832,1.1864975168921388,1.1894225879002815,1.1925339094116574,1.1958448276239426,1.1993701719010401,1.2031264560287505,1.2071321138272855,1.2114077761120892,1.2159765976734758,1.2208646450919323,1.2261013589686507,1.2317201077332052,1.2377588548716787,1.2442609675868923,1.2512762031016993,1.2588619198178497,1.2670845754528393,1.2760215947016509,1.285763717272728,1.2964179768553623,1.3081115180352212,1.3209965396245174,1.3352567722393203,1.3511160759203256,1.3688500139614583,1.3888016784570092,1.4114037085623472,1.437209525809854,1.4669386254271561,1.501543901381762,1.542314614211334,1.5910391467452265,1.6502723886282311,1.7237956378325447,1.8174527853656286,1.9407786751182918,2.110459368714436,2.3585835465073854,2.755746430616457,3.4935637961054984,5.338499033017592,18.25457732712784];