L = [0.0,0.9048662690074653,0.8187179847128521,0.7408357534472523,0.6703243264821105,0.6065653996742789,0.5488498414566043,0.4966541531809222,0.44941120748151087,0.4066823062749634,0.3680110761163189];