R = [0.0,1.0369419351459983,1.0703655907542826,1.1006060410665397,1.1279664484919152,1.1527211028291597,1.1751181710390477,1.195382185133708,1.2137162931241152,1.2303042955916264,1.2453124883003268];