Bcoorx = [-0.7628234424266235,-0.8097694394822824,-0.8596488384119927,-0.903287010436423,-0.9543087110510207,-0.9920850479062112,-0.9915308313047533,-0.991498229919834,-0.9918782462193869,-0.9918794180408667,0.8581053613259816,0.991401921115999,0.9916281907265512,0.9917026671405091,0.992094718741092,0.9910249666851662,0.9913686310639682,0.9920850479062194,-0.9920850479062194,0.8533815473571519,0.8129816427837482,0.7589937805021694,0.3856455285736656,0.33175970636512514,0.2931057918942278,0.23524782864342011,0.1515867881666027,0.09979193340095006,-0.09973137441056298,-0.15204881596271394,-0.6170976448824037,-0.6713642192697407,-0.7096771552972937,-0.9911990913478115,-0.9892400495888883,-0.992178926628955,-0.991660403368678,-0.9913173920645799,-0.9908798907523995,-0.9914120402232987,-0.9916910016468524,-0.9911423971412856,-0.9914535399739031,-0.9922899509099096,-0.9913868665170141,-0.9903509731613142,-0.9496528119403689,-0.8157560254195146,-0.6705134306807989,-0.6165269660059403,-0.5287870482358433,-0.4751236697958004,-0.432811550628163,-0.1515867881666025,-0.09979193340095037,0.09979193340094882,0.15158678816660115,0.28499304534589587,0.3390491620736847,0.8053964847613355,0.9097257930974063,0.9501009902993003,0.9921117876093041,0.9927549859789951,0.9913279199978571,0.9907012869000316,0.9912219334755371,0.9919815480062046,0.9921235035426835,0.9910577088398889,0.9925284157330168,0.9913145974921,0.9913178672011422,0.9908739396841982,0.9912927420853063,0.990002670604338,0.992096270425044,0.45219018823983753,0.8806213470294506,-0.26261155695790117,-0.9033725340246399,-0.9040973803318401,-0.9710118266644214,0.36048914786519415,0.8084230640506647,-0.9359238303106263,-0.23895254845879346,0.47261396024877034,0.8202630329980375,0.9468681912306309,0.6233377393825489,-0.8082137349332199,-0.7926550999317585,0.7088744709587407,0.5432366841043276,-0.6548830338179655,-0.5431583253346435,-0.6594873300227463,-0.47921218632668416,-0.31661257524693115,-0.4855752720961533,-0.1362380719955626,0.026325818031427868,-0.1265109518842501,-0.7994056686211258,-0.7869572307323985,0.4160036330380967,0.2253729585934237,0.29166204399765333,0.34374540768465456,0.5428707247327833,0.24126724398329163,0.6804297891153652,-0.4386716399283421,0.1744018741661656,0.22312381243908785,0.21873606380389188,0.18380946929690506,-0.22277551362801779,-0.12336714864818218,0.9920850479062235,0.9496491392141955,0.9103267014432656,0.7166030462613704,0.6673769775177911,0.5744557455626301,0.523524909015298,0.4295399503716904,0.1947700347873614,0.058112547760083136,0.0231078326911459,-0.023115529376381266,-0.05779929423465175,-0.1928334097978455,-0.2852071945739185,-0.3380654679438599,-0.37995322321865155,-0.43297678405982976,-0.4791166186580412,-0.5732209540987049,-0.9923391734089877,-0.9908403404010677,-0.9886913570793732,-0.9929001818701145,-0.9907378535473882,-0.9918582416399992,-0.9926134049664904,-0.9907225740724053,-0.991779979849551,-0.989713319392999,-0.9902855089126475,-0.9902851837485829,-0.9899640070636849,-0.9901025170247743,-0.9909278342660779,-0.9897428333132953,-0.9910170897366362,-0.9933654751158972,-0.9908402404038097,-0.9908402359618076,-0.9922903786236917,-0.992809178007798,-0.8548900144095479,-0.7576758143224928,-0.7144146928280043,-0.5741379949404324,-0.37703079945727125,-0.3346813702305077,-0.2870410392256519,-0.19359980222385936,-0.061396098258971535,-0.018544419546699192,0.02039548091465234,0.05955583459862158,0.19290996192513055,0.3799178961793964,0.4329157764909005,0.47486105399826745,0.5278842842266681,0.5698409447734993,0.6231504489679691,0.6688797450401548,0.7631752375333871,0.9903777730713789,0.9906766767654678,0.9908410369655487,0.9908411080347101,0.9900227098191364,0.9924992407489338,0.9918523439004113,0.9897586237620535,0.9898953453453584,0.9898814084348503,0.9898804272024153,0.9907824045455403,0.9928035255423915,0.9909625078911125,0.9922637186255161,-0.8794692597581666,-0.08374846068451906,0.07844147526565373,-0.9710433810439111,-0.9435105367723696,0.9324027856032366,-0.07916262556732118,0.1317530362724344,0.9342723832432165,-5.341861720660605e-05,-0.12902920868767156,0.9699661086852074,0.9527058208721733,-0.9337865220231006,-0.04312819654985868,-0.04057030488151322,-0.029409173249054454,-0.8833854025839516,0.9759949104328486,-0.9367088501218827,-0.8472834300217931,-0.9103251783843104,0.17971088484319606,0.1809442204926292,0.16311234691652723,0.15497726138264695,-0.18127130847326225,-0.1190530777326678,-0.9162275042785304,0.011085314107157091,0.9378431581590565,-0.16133225658224956,-0.1558633391848673,-0.9150740982966844,-0.9143974290049894,-0.6930601603182431,-0.7833612229572313,-0.8416887426584057,-0.8955674200278679,-0.8869526078158668,-0.9022426301524308,0.5519586546481092,0.9516238785792177,0.8469176087914349,0.26546080182583753,0.9228021279858987,-0.3567912578227619,-0.9246959659222715,-0.9827679875119121,-0.9357671041257917,-0.9488917976372789,-0.9486255866410971,-0.9098685147688295,-0.7200199417695538,-0.8080543698788962,-0.8823464531621035,0.11171334692241525,0.9068502930619634,0.9036900653344175,0.9132892811343507,0.9429527209316808,0.9324448756690579,0.844302847285669,0.8581807057834889,0.7595492737937942,0.7936486482337983,-0.18333906968131197,-0.2178463769937455,-0.28875583017580986,-0.2994529756715381,-0.24190582847883024,-0.13730427714161203,-0.21017457267496176,-0.9301756544644324,-0.5486376141690512,-0.898482571895824,-0.8851254938568645,-0.7899792873131332,-0.5964261744496193,-0.950007498652888,-0.9429421749754069,-0.9429250182434212,-0.6934037000203824,-0.9691550079673603,-0.9111124897905074,-0.9564520215368663,0.6434582455840918,0.7352023561398915,0.8640028865496094,0.847572599897858,0.6986395291659055,0.7589330687284203,0.7892546435708668,0.7015993215576569,0.9460920466723973,0.7795754356483655,0.8094947334276827,0.319252616993814,0.21835846760078342,0.2876884279253252,0.23420011980597932,0.9417317408436946,0.943163986397343,0.9448320162539908,0.3826711012518208,0.9432693262941758,0.9427398447557532,0.9442600905658749,-0.3456942775265362,-0.4520503496264743,-0.9302252900939664,-0.9574026015471637,-0.8951024545302088,-0.8588064761211086,-0.9041451727550689,-0.9002658806520089,-0.9542963148266307,-0.8211966371395941,0.2149879393558716,0.10887086588714733,0.056801703449775656,0.13058052338361198,0.9666492429489204,0.9326992410949103,0.878501957381953,0.8792629109228839,0.7576872590438114,-0.08022130585511739,-0.15444334459448714,-0.9582329806664476,-0.9514853378995868,-0.9670797976343588,-0.6375329634331596,-0.6667726270977676,-0.7220704192161767,-0.5432893982439921,-0.6195760009687287,-0.8923208370508297,0.5016287705209779,0.5999643448771577,0.8548334968433853,0.8766381600772197,0.6946711851079848,0.6397567205508823,0.5480998755913479,0.22358280702757027,0.18796161916137624,0.8858462665217518,-0.3119334326925758,-0.9717892734268625,-0.8561559592709267,-0.8622924771579185,0.07514600438945787,0.20176031457825971,0.19539399291446224,0.21456390305348574,0.007452029279206414,0.8980945658198749,0.8497090476917276,0.8330234885533905,0.7672089963658802,0.8136916350242894,0.8666887032025953,0.8209588068174107,-0.9139794953552979,-0.86804136876515,-0.8497616581770199,-0.8704895912866433,-0.8916050456813689,-0.9283265194988916,-0.9084878695445338,-0.9187671857663511,-0.8433631567555437,-0.7603628447403978,-0.9724773799554505,-0.9548954922547421,0.7201517498407384,0.7598023306221374,0.9406107624056006,0.9678443879818361,0.9113429641620688,0.18443971336195336,0.24134735616148847,0.9100209870472934,0.8802908310968848,0.28982880567811264,0.32285596177240533,0.4966276620970399,0.4560858511541658,0.5147254609927353,0.5775457839578998,0.969804470012052,0.9721220712110804,0.9111210722630809,0.9367107117166037,-0.3946930043724262,-0.4848428859180261,-0.23357927814249754,-0.6682365494418124,0.11715944228725812,0.020289534538443465,-0.0360205647805774,0.8296057304086866,0.8409847856911181,-0.5936785404119482,-0.7218316580791055,-0.6788723310372747,-0.5303008205017595,