Bcoory = [0.9911874896132442,0.9911874584746568,0.9916430455513329,0.9918782462193556,0.9918794180408667,0.9920850479062112,0.5717247834896996,0.24042210307035303,-0.9032870104364537,-0.9543087110510207,-0.9914162871738759,-0.8581176931931549,-0.8084416073226054,-0.7640661269888636,0.3351793188098686,0.8099275486466,0.8581440795988119,-0.9920850479062194,-0.9920850479062112,0.991129479207246,0.9913126494717844,0.9908710632546394,0.9913221531120703,0.9908887488094121,0.9904582829613041,0.9900091768316261,0.9912219334755411,0.9919815480062004,0.9921235035426748,0.9910577088398889,0.9913098683536332,0.9907090999366118,0.9901643253731287,0.9496528119403563,0.8157560254194974,0.7578491765496578,0.6228298335727942,0.4330994607569754,0.3791625149191837,0.2917853479243425,-0.18936004336861217,-0.37880206176377185,-0.43441824676544594,-0.5299970143122231,-0.6162796101193838,-0.6727919609342218,-0.9911990913478274,-0.989240049588906,-0.9913127796625357,-0.9908713056319102,-0.9914688201889985,-0.9917907857424848,-0.9917088108660475,-0.9912219334755336,-0.9919815480062083,-0.9919815480062001,-0.9912219334755336,-0.9913522109403665,-0.9907785788419938,-0.990863818011111,-0.9900026706043412,-0.9920962704250756,-0.9496491392142693,-0.7101943607608219,-0.3382842851748285,-0.2841535318089453,-0.15158678816660295,-0.09979193340095006,0.09973137441056168,0.15204881596271347,0.28563949212884593,0.3857553067144983,0.4272219984632958,0.4811932732579764,0.7585504853232697,0.9097257930974063,0.9501009902992794,-0.9161123878509859,0.9520989446027767,0.9165312716481353,-0.22662598854306884,0.21630045176717108,0.4871647393668168,-0.9070754055059207,-0.9448736070194862,-0.738571618600886,-0.9698102033060327,0.9717675126559677,-0.7114605580231912,-0.6223490643491401,0.9723480519175395,0.7633876307527395,0.5091726978590072,0.687172956650596,0.584036428390251,0.7937667973423115,0.6867285532412751,0.30703371835776255,0.39509249631695276,0.740134526436038,0.7647655968828978,0.6224462324739611,0.3075270137075996,0.5303432973635003,-0.5478927455482087,-0.671429989159239,0.5079123820708694,0.5740682448723042,0.1718515356274111,0.18443412461601877,0.1485805003574612,0.37092839275821043,0.29965168127671765,0.027843953497195782,0.2212024599249216,-0.2787483334104941,-0.39973725012034084,-0.30958638286356654,-0.15795988988785561,-0.323006893743641,0.9920850479062194,0.9921117876092267,0.9903777730713945,0.9907255468123389,0.9932962609027504,0.9905487929693687,0.9907404978565573,0.9924933912216559,0.9899387724348084,0.9897586237620605,0.9898953453453568,0.9898814084348435,0.9898804272024193,0.9922358042578088,0.9908697942099571,0.99086752246267,0.9908605814081746,0.9901656597824646,0.9916752980462296,0.9924878910859463,0.8548900144095598,0.6703438313059409,0.5197644620638623,0.47698878673499406,0.33683603664354794,0.18937506443504248,0.14637655663109622,0.10592560751482492,0.058295950937034935,0.01952453949540595,-0.017701086211001433,-0.06322090415509933,-0.10138959178694125,-0.14844043968254358,-0.24543264277898463,-0.28897385418107563,-0.3347075342026264,-0.47219095073442474,-0.7122900069759581,-0.7653238864982985,-0.8087937022276351,-0.8549738621655982,-0.9923391734089715,-0.9929716890958286,-0.9928788421873241,-0.9907258850132913,-0.9887520826270956,-0.9925109395255548,-0.9903789404737687,-0.9911791898087488,-0.9922820987572195,-0.9916243048302582,-0.9906430026427151,-0.9912310851105196,-0.9926816065094277,-0.9908112266964866,-0.9908429834662924,-0.9908420335006907,-0.9908418913674786,-0.9908408696435304,-0.9899122213086737,-0.9917374785119718,-0.9924875634447352,-0.9103267014432463,-0.6184389104742706,-0.575369343888749,-0.5223406171875278,-0.47771993165925625,-0.3820905141363053,-0.1931239952517488,-0.058112547760086106,-0.023107832691149795,0.023115529376384846,0.05779929423465362,0.19375761196047464,0.5241029293567908,0.6228923813650493,0.7147969593206197,0.07995342452437196,-0.860875239197585,0.932402785603235,-0.04045530478846809,0.08004043203127266,-0.07844147526565404,0.9338463399822039,-0.9493394513032121,0.0797453046942012,0.9699661086852089,0.9531807193203145,5.341861720615935e-05,0.12878030749138042,0.05001755574578152,-0.8920137197949557,-0.9731090080611638,-0.9158301975642361,0.8792383793342995,0.9756501331549523,-0.1497890183995851,-0.16067253986699806,0.1188017767866932,-0.8746606661718475,0.861240585735583,0.911505527722804,0.9379274819389004,0.8328432565761134,0.8414940672488371,-0.004636496278076984,-0.8537606968274731,-0.15761508359548462,-0.9095094624489087,-0.9380418191188342,-0.6927293820559585,-0.7836110831734661,-0.8440039049976779,-0.9041145821641755,0.6394948772222716,0.5489638815723645,0.9432324534927471,0.7871362971588781,-0.9140671486455885,-0.8774390917886178,0.690315135627284,-0.9234666977316089,-0.35823271255926903,0.9137697284880225,-0.07200918833411961,-0.21653306140181738,-0.28678110959253234,-0.4122963283279685,-0.38167248376369317,-0.4865574646983849,-0.342195796918781,-0.34548182248178977,-0.39975692088188686,-0.9270818245471624,-0.26554247516673957,0.2639660181177475,0.1843852766306223,0.19057871702287038,0.27840543200768364,0.20418647655926367,0.10270658205042832,0.12571873994090801,0.12971298447577106,-0.8918633250515551,-0.8570762728147834,-0.8681540042276666,-0.8131673712181423,-0.9033465063111211,-0.8131128422142382,-0.826449285300313,-0.5947745394444744,-0.8589291422605604,-0.9691550079673865,-0.9122245835070837,-0.9556482749916324,0.9231971676279291,0.5485897808119107,0.3999864052579529,0.4294164798770303,0.9075940322851266,0.8984825718957994,0.8870655616093701,0.7894541852406117,-0.9086417128238061,-0.9422540821043843,-0.836290765510376,-0.8629847542522047,-0.9046452923656849,-0.826272162304413,-0.8108565895851716,-0.6835532041850133,-0.7857228132486532,0.9447539167908351,0.9433735918861156,-0.9455557919530501,-0.9438320601730578,-0.9446825704813562,-0.970044160932221,0.4599857079344112,0.4308531808320178,0.3857660912615034,0.9453237065344393,-0.3066198311487432,-0.41196743235978783,-0.33595285170421757,-0.9681057114698954,0.90835818726822,-0.21501315653975217,-0.5022476963767598,-0.4297378191294303,-0.4871506097157306,-0.6406384094023787,-0.5395298242951324,0.219440911566408,0.16099983175034055,0.9037014759597793,0.9326992410949272,0.8787945607204984,0.7559054778229882,-0.2044719791961325,-0.1088708658871452,-0.05666785374632211,-0.14867797420284568,-0.13221616785282356,-0.8085439930246165,-0.8428603571228733,-0.6421008059896612,-0.567828343473399,-0.8494623073380215,-0.9413388978222833,-0.9428159290868021,-0.970391895512486,0.9425561269725623,0.9444253773762936,0.4964080249271981,-0.9368662373357444,-0.9345706546411932,-0.9287452128175478,-0.7562962238927746,0.9688754284980485,0.9489514400465289,0.9314455772134336,-0.8942977360004565,-0.9371306626975154,0.35937206762619806,0.9370453707291564,-0.47447894653786693,-0.6789986037859649,0.12737086004739923,0.8189025352321551,0.6696062827138657,0.7605595563315453,0.8154316541152822,0.8357610803379608,-0.1992191182215491,-0.27567532991519866,-0.17006850077741537,-0.23355100553581826,-0.28442917861439143,0.006084400038209691,-0.07663481028973144,-0.8919428285843728,-0.9724773799554226,-0.8745776002387833,0.595242253068328,0.5775452179504121,0.6131040236612181,0.3586318910895112,0.4829872050453982,0.9126192974864585,0.9280673592853866,0.8680413687651778,0.7202229908486373,-0.9718832598665893,-0.7070077451753087,0.592485691110015,0.7009779512755218,0.6714555103409708,-0.8400807236941417,-0.8640385204636667,0.4959587752251101,0.3287899022568055,0.9329461031129518,0.929571258817969,0.9029381741379569,0.829289972579421,0.8760515743419137,0.9400479932868113,-0.23509919605186416,-0.42500289030408306,-0.4532077112577331,-0.5486740255406038,-0.927912337893504,-0.9244299734681461,0.9704613029632917,-0.15963558503928302,0.7826597815258399,0.7683190730481084,0.8031339638776079,-0.32986079369907806,-0.01004489451340768,-0.9098010353199774,-0.9185749319476272,0.9352297527659136,0.9721003030586548,