Bx = [0.12190423086416302,0.12063718194275701,0.12194904156227462,0.12184592722306051,0.12200775925161514,0.12202506540961622,0.00715595252586354,-0.007487174947076938,-0.08582551170093211,-0.10741688738470828,-0.12113491951043436,-0.07037683532416068,-0.054221703472649097,-0.04288132927648958,-0.007486057215373876,0.054988777925229486,0.07040228776440927,-0.12202506540957303,-0.12202506540960183,0.12406488714925429,0.12298335145202947,0.1233089481546544,0.12293699325214061,0.12279395017523714,0.12262775293114593,0.12220565485908418,0.12281631053407055,0.12353980625613346,0.12311209706741504,0.12306883261366668,0.12283774322302214,0.12258843902779994,0.12204695622101658,0.10552051017837469,0.05682022859143487,0.04090357536813748,0.014421050707305913,-0.00444687150284369,-0.006499827096800451,-0.007795062628073448,0.006560065030641827,0.006557629535066749,0.0043704022750265074,-0.002749471061774131,-0.01308178361545928,-0.02284669439616624,-0.12279662989846603,-0.12241359295583566,-0.12298210924171113,-0.12363514363063122,-0.12257144076772247,-0.12261877475193993,-0.12205067794776098,-0.12265871121272849,-0.12340104530262412,-0.1229089521450575,-0.12299016623530608,-0.12271303047861354,-0.12328017587998359,-0.12321460608839697,-0.12158696652574899,-0.12279705709451011,-0.10538756481658251,-0.029867366580919347,0.007460676219106318,0.007794420988202082,0.00555048675139815,0.003910568515466844,-0.003884975562971236,-0.005562809428873493,-0.007780747577122528,-0.006359477975057039,-0.004601269397123462,-0.0015232981076577293,0.04087443910665344,0.08859010105840612,0.10559697577791785,-0.0912209521738694,0.10453082818234932,0.09122245779462114,0.007316822993131626,-0.007131705534730793,-0.0010056025909261877,-0.08700797316543733,-0.10300003700035977,-0.036316724767705956,-0.11226174893602532,0.11387320678126517,-0.029891567333356763,-0.014357552247345157,0.11321490035853815,0.04266807482151794,0.0005369835866551086,0.025453602121601863,0.008111654608578342,0.050389717992465416,0.02518481364058457,-0.007865152546641328,-0.006159236049885564,0.03765297093376273,0.042195928908646214,0.013671189333998544,-0.00787989449907731,0.0024323386330510604,-0.00441870946427507,-0.021827436623748215,0.0003019107878324866,0.007364836593466447,-0.00617094787982707,-0.006468015062932898,-0.005520470305767319,-0.006857914707196258,-0.007890765329288065,-0.001223249746451661,-0.007334185893893043,0.007886202409938604,0.0061109729351677446,0.007858652773269026,0.005874641674901811,0.007821712128169851,0.1220250654114496,0.12304094866022243,0.12307243978967827,0.12266443222318954,0.124248168737907,0.12346173541709707,0.12309262512200428,0.12408377048900568,0.1225748913847486,0.12281599295641243,0.12291560502796878,0.12273682547680881,0.12295793012197863,0.1242615160384244,0.12324747205654031,0.12308261225664084,0.12375666542852136,0.12311062278149404,0.12346274795117425,0.1241158221654953,0.069823242763824,0.02206270564623858,0.0018684029596649897,-0.0016297783758739979,-0.0074565373576223675,-0.006568054914737898,-0.0054453020093328105,-0.004014423790254967,-0.002358463353135184,-0.000823413307068904,0.0007827813482987733,0.002450631040002863,0.003961484622447392,0.005442913511103144,0.007537280998273562,0.0077917429073577574,0.007473344444838125,0.0019900882968136675,-0.030787868477144608,-0.04255822759060586,-0.05497028100993603,-0.0697536214332902,-0.12336401911992549,-0.12379554197471214,-0.12447637126272557,-0.12307630067008322,-0.12168334157698259,-0.12391585673109191,-0.12258654165636355,-0.12293249510157443,-0.12374392468517116,-0.12355118240025913,-0.1235517383420902,-0.12354307702409235,-0.12413716971232658,-0.12362021034866486,-0.12277550885678871,-0.1235299640872163,-0.12317578000878024,-0.12385791322939146,-0.12325387709366441,-0.12349362387079565,-0.12384472702564561,-0.08880591805388141,-0.013716893138382313,-0.007592087665558212,-0.0021379783427020248,0.0016295246171163383,0.006417155263606967,0.006644263352282026,0.00237646651427889,0.0008607648296778169,-0.0008514607379691277,-0.002371558934190522,-0.006675670042945797,0.002273584827482758,0.014125400001827272,0.03085443388439446,-0.0031312630632104555,-0.07061310026053647,0.09791809327106739,0.0016295355519819546,-0.003154832484974118,0.0030443326845693668,0.0972719150856608,-0.10333098234939797,-0.003107365850928154,0.11375183107471343,0.10462785312178097,-8.42819101127672e-06,-0.004862926439675099,-0.0019546853645791614,-0.08121477745246997,-0.11490511556529648,-0.09046064424902416,0.07774224756964819,0.11571931505970888,0.005487311081756465,0.0059158481342657596,-0.004521618918674425,-0.07594874918128323,0.07126818675307553,0.0891557950296811,0.10019543336552555,0.06177524309179172,0.06443966618649531,0.00018225378383085163,-0.06869792834490582,0.005840882113795496,-0.0886500969263859,-0.10000715508393025,-0.02683940713739171,-0.04793234063825541,-0.06549100753457883,-0.086731729752747,0.01697441225195106,0.004523460119662857,0.10229283633026724,0.04870461239240407,-0.09030022457674253,-0.07729346927238823,0.025707797092185042,-0.09406044144932567,0.007058768334343015,0.09034096176322573,0.0028742648749090728,0.007142975699703236,0.00779261228654964,0.00537089733153574,0.006506175635054783,0.0010354382879364363,0.007384920125743907,0.00736329687908837,0.005849510811055989,-0.09589294686455535,0.0077314536195876625,-0.007731843991212743,-0.006423354796848538,-0.006608831637686936,-0.007752772526074872,-0.006841076197517835,-0.003976088036321167,-0.004765575274319819,-0.0048715144989349216,-0.0824258051083092,-0.06947048151858855,-0.07399091955249158,-0.05580297652557576,-0.08545353091139196,-0.05570710599307697,-0.059484762422313736,-0.009913251752258996,-0.07026752720419913,-0.11316076052646809,-0.08929024558143173,-0.10681211399653405,0.09401351064582841,0.004336584999065637,-0.005807798504150797,-0.00448857064736742,0.08762882193498298,0.08407774039045544,0.0799422596384011,0.04936392258532816,-0.08786528168167117,-0.10227551016277694,-0.06312979489914335,-0.07151547029096575,-0.08666250780149705,-0.05978575391328778,-0.05521089139858622,-0.024675939250111554,-0.04815363209462977,0.10230040415896707,0.102543860186283,-0.10217073416652825,-0.1019053253649377,-0.10239297624837489,-0.11394517993424638,-0.0029497253457017297,-0.004472712973370976,-0.006229913496424184,0.10324731598435627,0.0077756318481646495,0.005491541226699391,0.007435857645023564,-0.11211161475689314,0.08703632434251801,0.007231712162151757,-0.0002503672838785019,0.00452679393609068,0.001026375486753797,-0.016394591802963578,-0.003690888384697002,-0.007147138646326449,-0.005914662102334246,0.0861360528352471,0.09833533436567633,0.07688843836542227,0.040827178956691725,0.006910530923160459,0.004237990311643475,0.0022895772167594148,0.005490637145342599,0.005008068805134676,-0.05394064272688455,-0.06496956985512499,-0.01702822956962919,-0.006557141836613767,-0.06760045518060732,-0.10127368559363409,-0.10163003369729573,-0.11360875242630346,0.10111814383293313,0.10279283613398506,-0.00042855157454341555,-0.09938282477186172,-0.09868246231762628,-0.0962292539426304,-0.04060076194263079,0.11359633145524506,0.10482063531288491,0.09686089381579271,-0.0827334248693474,-0.09857698655368408,-0.007045319213682578,0.09960546260666274,0.00188105424442715,-0.023708434895190193,-0.004817192156325961,0.05745639224215828,0.021827073202986328,0.041531808294102426,0.05600372568010306,0.062262867079033585,0.006771484410705672,0.007747339643216146,0.006059198812013316,0.0074141862164803915,0.007781113997642534,-0.00017765355753735987,0.003042775857527668,-0.08183262917436646,-0.1143048581288085,-0.07594561633114336,0.01017356562495164,0.007986159227001691,0.012477014940069933,-0.007099682866795567,-0.0011020621546333764,0.08959984880617136,0.09545591193449485,0.07308610073622486,0.0326371156661042,-0.11403808701990527,-0.029066777689374844,0.00992368478166275,0.028098613725898395,0.022244346670429273,-0.06402859436105715,-0.07181621379513856,