By = [0.999999999999992,0.9999999999990825,0.999999999999098,1.0000000000000073,1.0000000000009022,1.0,1.0007214661491162,0.9995085135756242,1.0017731884108798,1.0037819635218017,1.0000000000017877,0.9967006599580219,0.9982589803621522,0.9987271226743942,1.0003546275183908,0.9973846732433411,0.9970582396590544,1.0000000000017757,1.0000000000000144,0.9998993632459284,1.000298336738073,0.9995715806664639,1.000486745753246,0.9998706619914902,1.0001976621391118,0.9995456466940192,1.0003211921031283,0.9996268766287105,1.0002750345694642,0.9993862115826319,1.0005392774369126,0.9998285290056269,1.0003678808706673,1.0016661967484708,1.0014425112346952,1.000688157607484,1.0006251548244816,0.9998496117090877,0.9997745298732942,0.9996786580226258,0.9996184118820605,0.9998577309854978,0.9998946951279719,0.999831780666582,1.000431763755027,1.0009423842868974,1.0006795630023568,0.9994650798707875,0.9994424856121432,1.0003344537599046,0.9996784128310763,1.0000292600233784,0.9999454500806739,0.9995533979172272,1.0004597476226773,0.9995608546306135,1.0005493446832812,0.9995279770979152,1.000469234493043,0.9997115351114061,1.000509247567521,0.9997914289604577,0.997907068853864,0.9996417699975852,1.000306085720833,1.000394038086535,1.0004132092959408,1.0004143109832615,1.0003787222783793,1.0004520640933892,1.0003780535468758,1.0002095645004783,1.0002106008851275,1.000062552573194,0.9985234184820634,0.9972536481181236,0.9974835073642895,0.9997069293961718,0.9998261503933412,1.001248446593621,0.9997058242751105,0.9997471161540747,0.9996316296787627,1.0016226779199786,1.0011589514169543,1.0004504678055086,0.9997672729696467,1.0000641021591983,1.0005593610573495,0.9999723420895973,1.0005595934973808,0.9997491643066316,0.999902052760447,1.000342536528245,0.9999553734718397,0.9994643746680327,0.999922161707414,0.9998639424267803,0.9998343289681247,1.0005214687588948,0.9999995228544319,1.0000591299701822,1.000039190260516,0.9997599517017882,0.999723517919276,0.999968367651435,1.0004657127371108,1.0000467879983388,1.00009330885134,1.0001288691934433,1.0002211664757046,1.000165670536172,1.0002121864295526,0.9997688577112247,1.0000234303651876,1.0000414245831042,1.0000502625931722,0.999999951120319,0.9999964972365663,0.9999432938341067,1.0000000000000144,0.9993805389349419,1.0006477715999502,1.0000835723612007,0.9998468427296725,1.0004537709550532,0.9995130713586828,1.0003593472728818,0.9999754684114502,0.9996944902996858,1.0002950700721378,0.9996471162727969,1.0003816933467047,0.9996439939068907,1.000406952609117,0.9995183345165527,1.0003393251076471,0.9995473462925308,0.9997405481451845,1.0002873809140942,1.000692279335242,1.000508937236369,1.00028524961507,0.999716104363664,0.9996914952467898,0.999531972252451,0.999597071649217,0.9995657668767767,0.9996441359956258,0.9996783206550066,0.9995928796580882,0.9996353080585463,0.9996401950494005,0.9996017464893171,0.9996579424894904,0.9996994580273334,0.9996985843790456,0.9998714592127192,1.0007088227846452,1.000520726930792,1.0004666903936834,1.0007131322526694,0.9997562301679166,1.000797938191132,0.9997640282002541,0.9997589319705349,1.0007431677751821,1.0001606270632568,1.0003602474831403,0.9996510939823512,1.0000011627771614,1.0002978682598134,1.0000056099339623,0.9996614848554399,1.0003780564257583,0.9996895487353622,1.000493916620063,0.9996590927099043,1.000475023027949,0.9996690726581846,1.0004294480631073,1.0002350855537487,0.9995785215842745,0.9980085342910805,0.9999499662691036,1.0000412583417593,1.0002023618391498,1.0001674633358666,1.0003486329644606,1.0003524334192118,1.0003753141466813,1.0004033098238019,1.0004000177973988,1.0004224414992997,1.0004008730222012,1.0002622161927268,0.9996755963733605,0.9997915242341271,0.9997355631766931,1.0002580704593862,0.9998127332189709,0.9997500794055332,0.9996813205760748,1.0003824808640598,1.0000684291168214,0.9995252367373016,1.0003409827476808,1.0001397112358055,1.0006091335283227,1.0002386331274176,1.0003438638636712,0.9996525534972106,1.0002129041324244,1.0000315865741563,0.9983521381766448,1.0003204576371487,0.9997383645849489,0.9996900335381432,0.9997554480383282,0.9997095641471472,1.000472855033481,0.9999700240350023,0.9995857293155184,1.0002527419384977,1.0003684240459367,1.00062527899135,0.9996378942735876,1.0003504355101178,1.0003091536011024,1.0000488246182215,0.999183347159621,1.0001179254391923,0.9997523811972981,1.0004813055764654,0.9998883989379583,0.9998566037526465,0.9998191060717238,0.9996542787145085,1.0002222464194546,0.9993929132894501,0.9999100000177561,1.0003614281353614,0.9996601308364165,1.0003486595805413,1.0007031048104713,0.9996970637276587,0.9997721607740833,0.9997094339355549,0.9998023869276303,0.9997563666274303,0.9997984081530427,0.9998723047837383,0.9996928696462216,0.9997498644569948,1.0014843078400009,1.0002881962443955,1.0002746038498576,1.000298648885445,1.0003134076699745,1.000299835684056,1.000266024157098,1.000273041667392,1.000239515764353,1.0002325384362394,1.0012378414228498,0.9996730451442368,0.9999341918938592,1.000120703811953,1.0002483579061319,0.9994820591606204,1.00020341000646,0.9996753065642848,1.0003272862149328,0.9994333034067301,1.0012836805836467,0.9992334376356616,1.0002060043729135,0.999847475511688,0.9998079724261639,0.9997765896146159,1.000096398523677,1.0004446045356015,1.0008507633024384,0.999948628292949,0.9996031555186953,1.0009822112725426,1.0001051068132696,1.0007832646774053,1.0009026802535193,1.0001891907429816,1.000156472636426,0.9998006064939676,1.0001863926583794,0.9991593001959267,1.0007264869183605,1.0006549504976459,1.0009188515793705,0.9999578629573104,0.9989879667412415,1.000095945576891,1.0001870019912809,1.0003389243620968,0.9995790152573044,1.0002947468730565,1.0000945831756012,1.0003093014616833,0.9994558478496481,1.0004452891683477,0.9997000629606629,0.9996743411303355,0.9998231546482346,0.9998197170721511,0.9995687456634271,1.000049496822439,0.9997357834443986,0.9997513447032982,1.0001238104063999,1.0009121917494808,1.0008881642185512,0.9998840252137673,1.000315399367692,1.0002431090590744,1.0003126341473134,1.000329984372637,1.0002559117040208,1.0004900105988621,0.9996524266567918,1.0001756564671094,0.9998985135417322,1.000605106160528,1.0017384911959457,0.9998895470945943,1.0001047680364992,1.0000425905224182,0.9999174853736512,0.9997632648947816,0.9998097569848254,1.000016925820337,0.9993085645550668,1.0000414865075233,0.9998896174023914,0.9999737844760104,0.9999957850627612,1.0007227603057998,1.00053308337794,1.0002865550285611,1.0004368205234178,0.9997165447384432,0.9993241543004239,0.9997384786428457,1.0006088289885764,0.999872207174685,1.0001432517006057,1.0008679258832314,0.9994828493753009,1.0002802781616964,1.0002216540613087,1.0002348512661468,1.0002242958748229,1.000238869486804,1.0003350389159817,1.000278807557907,0.9996532295647685,1.00014850285891,0.9998211904190349,0.9996660261833452,0.9999084504080081,0.999771288978963,0.9997850329393987,0.9997741123889294,0.9998034636510884,0.9993742608998698,0.9994848097985121,1.0002093899841888,0.9996994061042177,0.9999041934576466,1.000262184381564,1.0001335193231695,1.0000766235089358,0.9998563874102259,0.9997007439299136,1.0003164175946717,1.000231507988132,0.9991738078633046,1.0002397830785867,1.0009969132077357,0.9999749742444632,1.0001985825693385,1.0010005752806197,1.0003229092651713,1.0003147462447808,1.0001908893064329,0.9999899420538019,0.9995969202490703,1.0003534083511698,1.0000344016501546,0.9998046721103212,1.0003388872436076,0.9999203348542635,1.0008185171324948,1.0001989457040057,1.0002686821404743,0.999220228178525,0.9986553447234356,0.9991677768862249,1.0000515395734688,0.9996262419243306,1.0001442721972085,0.9996956539664008,0.9997212720083022,0.999708576746964,0.9998303155336332,0.9998111324001018,0.9996282598074341,0.9999283489476377,0.9991471149598031,1.0001584261343281,1.0000659680384496,1.0006954423505023,1.0000573588901958,1.0001908944339912,1.0002098553451093,0.9997776452894093,1.000420558555614,1.0008338588087926,