voronoitime = [0.0,0.022935748561250004,0.04587149712250001,0.06880724568375002,0.09174299424500001,0.11467874280625001,0.13761449136750004,0.16055023992875003,0.18348598849000003,0.20642173705125003,0.22935748561250002,0.25229323417375005,0.27522898273500007,0.29816473129625004,0.32110047985750007,0.34403622841875003,0.36697197698000006,0.3899077255412501,0.41284347410250005,0.4357792226637501,0.45871497122500005,0.48165071978625007,0.5045864683475001,0.5275222169087501,0.5504579654700001,0.5733937140312501,0.5963294625925001,0.6192652111537501,0.6422009597150001,0.6651367082762502,0.6880724568375001,0.7110082053987501,0.7339439539600001,0.7568797025212501,0.7798154510825002,0.8027511996437501,0.8256869482050001,0.8486226967662501,0.8715584453275002,0.8944941938887502,0.9174299424500001,0.9403656910112501,0.9633014395725001,0.9862371881337502,1.0091729366950002,1.0321086852562502,1.0550444338175002,1.0779801823787503,1.1009159309400003,1.12385167950125,1.1467874280625001,1.1697231766237501,1.1926589251850002,1.2155946737462502,1.2385304223075002,1.2614661708687502,1.2844019194300003,1.3073376679912503,1.3302734165525003,1.3532091651137501,1.3761449136750001,1.3990806622362502,1.4220164107975002,1.4449521593587502,1.4678879079200002,1.4908236564812503,1.5137594050425003,1.5366951536037503,1.5596309021650003,1.5825666507262504,1.6055023992875002,1.6284381478487502,1.6513738964100002,1.6743096449712502,1.6972453935325003,1.7201811420937503,1.7431168906550003,1.7660526392162503,1.7889883877775004,1.8119241363387504,1.8348598849000002,1.8577956334612502,1.8807313820225002,1.9036671305837503,1.9266028791450003,1.9495386277062503,1.9724743762675003,1.9954101248287504,2.0183458733900004,2.04128162195125,2.0642173705125004,2.0871531190737502,2.1100888676350005,2.1330246161962503,2.1559603647575005,2.1788961133187503,2.2018318618800006,2.2247676104412504,2.2477033590025,2.2706391075637504,2.2935748561250002,2.3165106046862505,2.3394463532475003,2.3623821018087505,2.3853178503700003,2.4082535989312506,2.4311893474925004,2.45412509605375,2.4770608446150004,2.4999965931762502,2.5229323417375005,2.5458680902987503,2.5688038388600005,2.5917395874212503,2.6146753359825006,2.6376110845437504,2.6605468331050006,2.6834825816662504,2.7064183302275002,2.7293540787887505,2.7522898273500003,2.7752255759112505,2.7981613244725003,2.8210970730337506,2.8440328215950004,2.8669685701562506,2.8899043187175004,2.9128400672787507,2.9357758158400005,2.9587115644012503,2.9816473129625005,3.0045830615237503,3.0275188100850006,3.0504545586462504,3.0733903072075006,3.0963260557687504,3.1192618043300007,3.1421975528912505,3.1651333014525007,3.1880690500137505,3.2110047985750003,3.2339405471362506,3.2568762956975004,3.2798120442587506,3.3027477928200004,3.3256835413812507,3.3486192899425005,3.3715550385037507,3.3944907870650005,3.4174265356262508,3.4403622841875006,3.4632980327487504,3.4862337813100006,3.5091695298712504,3.5321052784325007,3.5550410269937505,3.5779767755550007,3.6009125241162505,3.6238482726775008,3.6467840212387506,3.6697197698000004,3.6926555183612506,3.7155912669225004,3.7385270154837507,3.7614627640450005,3.7843985126062507,3.8073342611675005,3.8302700097287508,3.8532057582900006,3.876141506851251,3.8990772554125006,3.9220130039737504,3.9449487525350007,3.9678845010962505,3.9908202496575007,4.013755998218751,4.036691746780001,4.059627495341251,4.0825632439025,4.105498992463751,4.128434741025001,4.151370489586251,4.1743062381475005,4.19724198670875,4.220177735270001,4.243113483831251,4.266049232392501,4.28898498095375,4.311920729515001,4.334856478076251,4.357792226637501,4.3807279751987505,4.403663723760001,4.426599472321251,4.449535220882501,4.4724709694437506,4.495406718005,4.518342466566251,4.541278215127501,4.564213963688751,4.5871497122500005,4.610085460811251,4.633021209372501,4.655956957933751,4.6788927064950006,4.70182845505625,4.724764203617501,4.747699952178751,4.770635700740001,4.7935714493012505,4.816507197862501,4.839442946423751,4.862378694985001,4.8853144435462506,4.9082501921075,4.931185940668751,4.954121689230001,4.977057437791251,4.9999931863525005,5.022928934913751,5.045864683475001,5.068800432036251,5.0917361805975005,5.114671929158751,5.137607677720001,5.160543426281251,5.183479174842501,5.2064149234037504,5.229350671965001,5.252286420526251,5.275222169087501,5.2981579176487505,5.321093666210001,5.344029414771251,5.366965163332501,5.389900911893751,5.4128366604550004,5.435772409016251,5.458708157577501,5.481643906138751,5.5045796547000005,5.527515403261251,5.550451151822501,5.573386900383751,5.596322648945001,5.619258397506251,5.642194146067501,5.665129894628751,5.688065643190001,5.7110013917512505,5.733937140312501,5.756872888873751,5.779808637435001,5.802744385996251,5.825680134557501,5.848615883118751,5.871551631680001,5.894487380241251,5.9174231288025005,5.940358877363751,5.963294625925001,5.986230374486251,6.009166123047501,6.032101871608751,6.055037620170001,6.077973368731251,6.100909117292501,6.1238448658537505,6.146780614415001,6.169716362976251,6.192652111537501,6.215587860098751,6.238523608660001,6.261459357221251,6.284395105782501,6.307330854343751,6.330266602905001,6.353202351466251,6.376138100027501,6.399073848588751,6.422009597150001,6.444945345711251,6.467881094272501,6.490816842833751,6.513752591395001,6.536688339956251,6.559624088517501,6.582559837078751,6.605495585640001,6.628431334201251,6.651367082762501,6.674302831323751,6.697238579885001,6.720174328446251,6.743110077007501,6.766045825568751,6.788981574130001,6.811917322691251,6.8348530712525015,6.857788819813751,6.880724568375001,6.903660316936251,6.926596065497501,6.949531814058751,6.972467562620001,6.995403311181251,7.018339059742501,7.0412748083037515,7.064210556865001,7.087146305426251,7.110082053987501,7.133017802548751,7.155953551110001,7.178889299671251,7.201825048232501,7.224760796793751,7.2476965453550015,7.270632293916251,7.293568042477501,7.316503791038751,7.339439539600001,7.362375288161251,7.385311036722501,7.408246785283751,7.431182533845001,7.4541182824062515,7.477054030967501,7.499989779528751,7.522925528090001,7.545861276651252,7.568797025212501,7.591732773773751,7.614668522335001,7.637604270896251,7.6605400194575015,7.683475768018751,7.706411516580001,7.729347265141251,7.752283013702502,7.775218762263751,7.798154510825001,7.821090259386251,7.844026007947501,7.8669617565087515,7.889897505070001,7.912833253631251,7.935769002192501,7.958704750753752,7.981640499315001,8.004576247876251,8.027511996437502,8.05044774499875,8.073383493560002,8.09631924212125,8.119254990682501,8.142190739243752,8.165126487805,8.188062236366251,8.210997984927502,8.233933733488751,8.256869482050002,8.27980523061125,8.302740979172501,8.325676727733752,8.348612476295001,8.371548224856252,8.3944839734175,8.417419721978751,8.440355470540002,8.46329121910125,8.486226967662502,8.509162716223752,8.532098464785001,8.555034213346252,8.5779699619075,8.600905710468751,8.623841459030002,8.646777207591251,8.669712956152502,8.69264870471375,8.715584453275001,8.738520201836252,8.761455950397501,8.784391698958752,8.807327447520002,8.830263196081251,8.853198944642502,8.87613469320375,8.899070441765002,8.922006190326252,8.944941938887501,8.967877687448752,8.99081343601,9.013749184571251,9.036684933132502,9.059620681693751,9.082556430255002,9.10549217881625,9.128427927377501,9.151363675938752,9.174299424500001,9.197235173061252,9.220170921622502,9.243106670183751,9.266042418745002,9.28897816730625,9.311913915867502,9.334849664428752,9.357785412990001,9.380721161551252,9.4036569101125,9.426592658673751,9.449528407235002,9.472464155796251,9.495399904357502,9.518335652918752,9.541271401480001,9.564207150041252,9.587142898602501,9.610078647163752,9.633014395725002,9.655950144286251,9.678885892847502,9.70182164140875,9.724757389970001,9.747693138531252,9.770628887092501,9.793564635653752,9.816500384215,9.839436132776251,9.862371881337502,9.885307629898751,9.908243378460002,9.931179127021252,