
Th = [0.10101525445522107, 0.05018856132284956, 0.025141822757713456, 0.012525468249897755,...
      0.006261260829309998];
 
Qh = [0.16666666666666666, 0.08333333333333333, 0.043478260869565216, 0.021739130434782608,...
      0.010989010989010988];

Vh = [0.12803687993289598, 0.06772854614785964, 0.03450327796711771, 0.017476749542968805,...
      0.008787156237382746];

Voronoi Electric = [0.00483850973257523, 0.0014682985490748095, 0.00111428390595608, 0.00012474778444935742, 8.422883422994852e-05]
Voronoi Magnetic = [0.018320090238084775, 0.010199598967526395, 0.004923148632064471, 0.002402519411399398, 0.0011314113712343722]
